"","F01_P1.rtf","F02_P3.rtf","F03_P4.rtf","F04_P5.rtf","F05_P6.rtf","F06_P9.rtf","F07_P10.rtf","F08_P11.rtf","F09_P13.rtf","F10_P14.rtf","F11_P16.rtf","F12_P17.rtf","F13_P18.rtf","F14_P19.rtf","F15_P20.rtf","F16_P22.rtf","F17_P23.rtf","F18_P27.rtf","F19_P29.rtf","F20_P31.rtf","F21_P32.rtf","F22_P36.rtf","F23_P39.rtf","F24_P40.rtf","F25_P41.rtf","F26_P42.rtf","F27_P43.rtf","F28_P45.rtf","F29_P46.rtf","F30_P48.rtf","F31_P49.rtf","F32_P51.rtf","F33_P52.rtf","F34_P55.rtf","F35_P56.rtf","F36_P57.rtf","F37_P60.rtf","F38_P61.rtf","F39_P62.rtf","F40_P63.rtf","F41_P65.rtf","F42_P68.rtf","F43_P69.rtf","F44_P70.rtf","F45_P71.rtf","F46_P72.rtf","M01_P2.rtf","M02_P7.rtf","M03_P12.rtf","M04_P15.rtf","M05_P21.rtf","M06_P24.rtf","M07_P25.rtf","M08_P30.rtf","M09_P33.rtf","M10_P34.rtf","M11_P35.rtf","M12_P37.rtf","M13_P38.rtf","M14_P50.rtf","M15_P58.rtf","M16_P66.rtf","M17_P73.rtf","M18_P74.rtf","M19_P76.rtf","M20_P77.rtf","M21_P78.rtf","M22_P79.rtf","M23_P80.rtf","M24_P81.rtf","M25_P82.rtf","M26_P83.rtf","M27_P84.rtf","M28_P86.rtf","M29_P87.rtf","M30_P88.rtf","M31_P89.rtf","M32_P90.rtf","M33_P91.rtf","M34_P92.rtf","M35_P93.rtf","M36_P94.rtf","M37_P96.rtf","M38_P97.rtf","M39_P98.rtf","M40_P99.rtf","M41_P101.rtf","M42_P103.rtf","M43_P104.rtf","M44_P105.rtf"
"F01_P1.rtf",1,0.10985776732494,0.392221487406724,0.314847949911217,-0.0667544973070227,0.0697207118835826,0.0272851706593332,0.296981072752818,0.472759446319699,0.137956284654277,0.310658369439939,0.402067848959359,0.484189621546693,0.10142940723069,0.224004519149103,0.086474992661762,0.113670832068677,0.294269960326862,0.0674569442662194,0.0760153241843348,0.424800145608084,0.336696064120937,0.663787032610245,0.142620702725899,0.146390052362461,0.190395186603454,0.476767561080587,0.287111801566653,0.0826057548824333,0.234883229396604,0.0772282339634415,0.344187369975395,0.153742424321429,0.0735212049572582,0.391504516636845,0.00613657967685472,0.230175341718764,0.217816754740634,0.516376968489388,-0.0752098666316936,0.120765833270636,0.0374392597441819,0.303724966080427,0.103597309525237,0.0340961356571674,0.00361734260448114,-0.0102495188582279,0.0508149933090507,0.605681644029359,0.166465650775179,0.096039262268659,0.248986735122418,0.203423802107867,0.054048743369734,0.126316382271525,0.212332112268387,0.0749174927858019,0.457634044587894,-0.0115775680589813,0.0938164665958636,-0.0111689154886681,0.616192713939378,0.195863678645828,0.259703978171961,0.051341154758317,0.144826254675813,-0.137941869312573,0.0447312762502861,0.294378628564799,0.0380803192225774,0.0550600906838308,0.227340513911704,0.179117695229857,0.107239877547686,-0.0256572264129576,0.0140220259695253,0.427535791803207,0.500798644619717,0.340705271686251,0.156072506932773,0.0353976843273707,0.0400589041916648,0.114819569854316,0.657516481741638,0.0729293909865932,-0.00704800632506465,0.0466065338979285,-0.0447813853953431,-0.042003787797814,0.0569331061148201
"F02_P3.rtf",0.10985776732494,1,0.295244721970934,0.0178792076980481,0.0706041929428191,0.0781393723524189,0.060092087520001,0.135046321033775,0.185584808470292,0.092044374237081,0.160853009746092,0.131539789232437,0.138290969830608,-0.00410010132904334,0.173789789664989,0.0441837056309416,0.0360954529483087,0.00512305063371025,0.0432742810640525,0.0321871640947772,0.273045804230193,0.0548768975844068,0.158588398751169,-0.0141981112731291,0.135129284413198,0.135074238123154,0.171474076707145,0.188782130039744,0.0176107514635588,0.0584828140494148,0.0230133381713427,0.135240874510373,0.153351479556861,-0.0152750686633959,0.125305716252655,0.0249720484093059,0.0799061342714884,0.268375667935539,0.231349406316272,0.0931800347939989,0.0349508323031648,0.0547709470220477,0.172381846026697,0.171050482287811,0.0441710250379402,0.0445048225523017,0.0394940109604901,0.0255283136875521,0.0839355946490647,-0.011549220137683,0.0478557206241955,0.0490692893016407,0.178964801190398,0.10798847724402,-0.0678230909098803,0.0511100031381491,0.302893232360239,0.080619612622563,0.0391458250385755,0.191183865678476,0.0679519752890141,0.170508970158622,0.158223450507097,0.0180420477553833,0.0588373505170581,0.0239879999112243,0.124098762834507,0.0967340484059119,0.249940899012819,0.0470397699692572,0.00542113985990259,0.189374151955969,0.172029363357605,0.0224240793153454,0.0453770087830979,0.335907328200371,0.236402550754086,0.000517543198335095,-0.0721330488440016,-0.0270067416137557,0.0171508372536723,0.0110082685495841,0.079170615911785,0.147519392583774,-0.0266540749947183,-0.0216404643149902,0.182353450378066,0.0328739890490856,0.0299739858502731,0.0690914830384368
"F03_P4.rtf",0.392221487406724,0.295244721970934,1,0.319940663705703,0.121138506989895,0.0436916359764003,0.129946616019702,0.307432198831139,0.481042584800839,0.340574143434636,0.0804892203410431,0.302876921127169,0.575643368768214,0.450919949238405,0.683177152454182,0.151784331711587,0.098355050749988,0.12868212175077,0.170417696375238,0.00725264605239385,0.306461005341602,0.0233027600349762,0.404938550333044,0.185261262077865,0.32687329778852,0.148881952500024,0.275508832234338,0.319218732793753,0.160887936350699,0.0125839801025841,0.0532205934567874,0.465047074702846,0.277287851682868,0.3558385882268,0.489902933628622,0.142980482974108,-0.0436897970248943,0.284766542664541,0.467111885254879,0.239316554078767,0.0240961938220812,0.118699729328793,0.321552885671739,0.318015631137718,0.124318268525055,0.0654469831874457,-0.0430197062164813,0.11047982886463,0.384360995185065,0.253788769971553,0.0304307330094499,0.0041181796764728,0.381359260261843,-0.061616485580192,0.260937796067788,0.0350131606899201,0.311403437635072,0.4251577222288,0.123742796327589,0.215964839754091,0.0426077777469998,0.36214039015882,0.0913103843239934,0.193167628847215,0.0925037271426326,0.0807847679866668,0.114912798850839,0.00287607388011938,0.101896040645559,-0.0157687862709878,0.414867870470153,0.313666139646101,0.360454680218742,0.0744777011235278,0.154128055346935,0.00560995982655938,0.424364006705717,-0.0308971242867276,0.123507299597686,0.313535436127947,0.107687552703937,0.205241844991551,-0.0357745977993783,0.379817943845189,0.0986807418361261,0.0974994836240779,0.33796490579202,-0.0076327834846549,0.167827711660401,0.126998065009773
"F04_P5.rtf",0.314847949911217,0.0178792076980481,0.319940663705703,1,0.101208606594393,0.0917872350950146,0.00096300570147179,0.557658186450726,0.478842797955452,0.515644163964671,0.246093744885264,0.106994641892844,0.254776859567771,0.488658629923488,0.39868526677193,0.605795720254141,0.086000775006781,0.111909556509485,0.102225754110987,0.0176327925216003,0.625829512517133,0.309306074275784,0.151604196548167,-0.0196513112607615,0.494361912673917,0.222453896591958,0.443730422582075,0.159917723130669,0.0781098036158706,0.362027914660613,0.171593562228728,0.647232962752121,0.0269264781187678,0.106214557326325,0.497565206275208,0.406197064590768,0.374554424015611,0.47241437519642,0.476037455388976,0.0874824603799847,0.196620747500462,0.102364141677313,0.0796267010859281,0.492316405769849,0.154817096503434,0.188572362666129,0.236013574977728,0.068748072625542,0.383336368560987,0.0202414656441736,0.0726501570979139,0.105794050936317,0.337171135992443,0.131815171213098,0.208842293113388,0.266721596941695,0.367998547483532,0.246743955296211,0.0711533709048745,0.457458149388646,0.196398782706194,0.432918996850238,0.240292031141795,0.265367313576262,0.0570650268343139,0.0410799692505051,0.218627653285439,0.182045384368183,0.277261310911303,0.182643587767877,0.167036779679204,0.340729258488083,0.39387825791815,0.153015827782082,-0.00534897163124638,0.040006925845087,0.339832588376204,0.185393139796703,0.569484605269503,0.300826668137232,0.0447900557958855,0.286237919595785,0.0450376544831308,0.635023669756955,0.116997772417732,0.229496349275915,0.49221261792139,0.121756986879285,0.273091911326081,0.176218150730892
"F05_P6.rtf",-0.0667544973070227,0.0706041929428191,0.121138506989895,0.101208606594393,1,0.245625722107923,0.0545241196800864,0.00322411874971529,0.214569151199092,0.353321502263275,-0.0263314656092877,-0.0398211588044661,0.17070131394865,0.420089669440574,0.244983378106275,0.0418551371696732,0.162188857714084,0.273188614665286,0.052254208574171,0.0623724833124178,0.299343994090616,0.0597152876001957,0.17961115499299,0.376067191250703,0.20614721472588,0.0861442775254021,0.155034650804796,0.119535188480332,0.0560836575768629,0.251014146832004,0.113907863096183,0.364014272377328,0.221419504990396,0.231844497294143,0.241570843689682,0.0582702735012953,0.227649659983675,0.351610002701242,0.293204488115114,0.113683711263363,-0.0581173068046005,0.0889788755098545,0.131276844001665,0.248054520943821,-0.000564709302819364,0.0150728990026497,-0.0105944860422164,0.124260212164088,0.145775798876668,0.0947703874362831,0.0591535780811741,0.103457049020524,0.37648298968569,0.00489254888204764,-0.0436047454006424,0.305864754691237,0.174929858894625,-0.136924433302897,0.0979048865641213,0.224715822488979,0.0563680372463225,0.228831362071257,0.217649934128213,-0.0404481287087153,0.0717810758751465,0.0710414463928105,0.0081998275045081,0.119579338835844,0.254875684596111,0.100165507535507,0.225906890041561,0.3027608133067,0.162243025779303,0.00827083318214674,0.173723296484179,0.253430636451109,0.373790431080499,0.178222606920086,0.233640207562795,-0.0572048643708597,0.0168169249600807,0.01855339269422,0.103090010527716,0.131329585913446,0.0787637989083399,0.303925583056642,0.315257226444373,0.246573657177831,0.133247413545242,-0.0923668683195367
"F06_P9.rtf",0.0697207118835826,0.0781393723524189,0.0436916359764003,0.0917872350950146,0.245625722107923,1,0.0470240709377162,0.185282712685945,0.119561925703617,0.287595544397876,0.297346577582942,0.0881894657768656,0.165315957840403,0.197362077396218,0.0814947391481246,0.0862143300458502,0.107478826829093,0.226893622581503,0.0265215050920387,0.119405301050444,0.153618744472664,0.0688810560767588,0.163008664381475,0.283279546523912,0.157272797618972,0.098707881632982,0.0490087180714864,0.234838408672607,0.0743505639674045,0.0888385051657362,0.0433615844374064,0.209829269493044,0.00482584045491919,-0.00225295025623604,0.140572001074619,0.0715146420926918,-0.0785473285295499,0.0772391185120654,0.184949920878864,0.110771483981752,0.250527372979139,0.0300858523655171,0.230431748283961,0.0887462653652954,0.197678090269512,-0.0432277967701606,0.00758597405834467,0.103187034467797,0.0747223395876317,0.116809509287559,0.0080955651960563,0.0476019601993154,0.0928862114160923,0.0702841695315818,0.0886547173200705,-0.00947431684322297,-0.0433275296609271,-0.00418109860282474,0.00375564728629132,0.0190448537980806,0.0739422868422158,0.127614738372247,0.176091982191347,0.0903793664659043,0.00960915801974332,0.00853708997651732,0.0783483917260309,0.00987990241033393,0.119561532610377,0.893880485675799,0.333117167909977,0.236505504991993,0.131117954048558,0.0521489654243183,0.0885578523642732,0.0912047575461917,0.124825037950639,0.097063782786426,-0.00286861706488007,0.0490105086685847,0.0141892188847821,0.0555352426687145,0.101457742643597,0.098087702627332,0.0386234643377176,0.182240271668034,-0.0642582275444875,-0.0589323091638132,0.112177131301134,-0.0172862315454972
"F07_P10.rtf",0.0272851706593332,0.060092087520001,0.129946616019702,0.00096300570147179,0.0545241196800864,0.0470240709377162,1,-0.0570751167029901,0.24554473438107,0.0479752807519307,0.0657948424319337,0.136587621753897,0.371756359997177,0.18475292789117,0.0318835315836828,-0.0174966151910752,0.167498773902708,0.156285989260049,0.103932084445257,0.0636003042734427,0.0980188153361755,0.141456328497034,-0.0220535173587081,0.112829529632266,-0.0151184759922301,0.210387857739152,0.0839723736705413,0.242800089662346,0.0663268375717686,0.173977239181794,0.102427689676679,0.201291525828863,0.33268053657324,0.0396681900364638,0.141668323037285,0.0767634852794736,0.166717166405042,0.184218018362559,0.132565326436661,0.384618858301107,0.192674969197134,0.0746266305354074,0.207521493412843,0.0871808250325955,0.0880680716894157,0.0787543604411925,0.0639476019692432,0.0610863957376328,0.0756892614824961,0.104102839816402,0.080515552036181,0.116830144268401,0.25882874981902,0.143106142631007,0.182898001169596,0.114372355197335,-0.0144157694803482,0.0255205230086633,0.025444600997847,-0.134990921188251,0.0520555250887969,0.00636774440161987,0.0123527523420631,0.161243889347221,0.0517821557134159,0.0558487918261775,0.0609412199499535,0.00800928434956131,0.103397336736453,0.00944666723738774,0.148333941339746,0.16207868247533,0.0860161375724443,0.102528259796302,0.0982933603519285,0.113123586523272,0.308657132661047,0.00982483823705061,0.0956908626912003,0.172803699060121,0.0435061210653581,0.0304388368945192,0.0843123659850314,0.12329502543232,0.0404317448240177,0.279797351304236,-0.0247448283166257,-0.000596643564651274,0.140634012236941,0.057740351455832
"F08_P11.rtf",0.296981072752818,0.135046321033775,0.307432198831139,0.557658186450726,0.00322411874971529,0.185282712685945,-0.0570751167029901,1,0.55515464757858,0.647065176078291,0.257744442668275,0.258905864570518,0.271307295783899,0.337687060428816,0.474937783018129,0.225118270135448,0.144924699910899,0.247509224030801,0.151895168983665,0.0946432363477753,0.577772309325598,0.550724259987676,0.224541489082378,0.0978875137654415,0.431123849352008,0.192471332674624,0.4174806678959,0.233908437085479,0.0404909789641134,0.375897301727846,0.0275696163685018,0.678750832238491,0.0635242448213039,0.101322885801731,0.484897630296837,0.212017855898275,0.131882902994674,0.25880584054665,0.650352137172893,0.271479278014569,0.259743265869982,0.127141679735334,0.274860845694354,0.440508210828889,0.141132157751481,0.564608253344673,0.2667150801862,0.0581542183367017,0.495762919850542,0.1425924307519,0.0630000443595058,0.199201269799655,0.453518022274285,0.165715434206554,0.476275939539972,0.359848465861871,0.487003204507637,0.468169495254341,0.0813443931105916,0.354480043840201,0.111887229122702,0.450062832074443,0.364266810191563,0.579557396995337,-0.0071334162699009,0.0738135130650283,0.378040337603878,0.236180212949213,0.177606491047953,0.260792019373018,0.45285642863415,0.356133930514259,0.54702950024901,0.130681470822336,0.0732781476479757,0.527673026449448,0.427050928606151,0.254555476126863,0.133461133617015,0.351201550565552,0.0947899741893397,0.108950596578898,0.054459697277509,0.441957720240438,0.148675987310812,0.337245591757306,0.403482081897214,0.291684032764471,0.367447484373111,-0.120810052416432
"F09_P13.rtf",0.472759446319699,0.185584808470292,0.481042584800839,0.478842797955452,0.214569151199092,0.119561925703617,0.24554473438107,0.55515464757858,1,0.497222351398166,0.181470227032115,0.0660023875398048,0.554878189306156,0.489853141094945,0.474262766362754,0.082717923197729,0.0609384436498359,0.192148917657523,0.0978613342123754,0.0715771992636817,0.597402079772654,0.36318497006825,0.364049493916553,0.00489169238127421,0.30885362307572,0.253341316906111,0.523069040737567,0.496706533405841,0.12723343617887,0.243165666859894,0.166390163110007,0.668972692063485,0.154445700684925,0.305615544668802,0.700891365361981,0.100448741107366,0.26695719592665,0.352553413940001,0.788665192923888,0.375501279477543,0.389723580822435,0.0222598523704407,0.261321916702184,0.522367754404449,0.087448270130531,0.360613009296284,0.0575334304167064,0.202341401418316,0.671989545646884,0.145419711347429,0.02335390105125,0.0831345872816685,0.643020441925914,0.041939532925032,0.294281615867941,0.398291320241182,0.647284400968612,0.564338176134831,0.141160975856695,0.376500053152349,0.13108949917366,0.645128789523586,0.380299550612187,0.351352025227733,0.153969571567742,0.0489676139384911,0.112288946267553,0.125046469340614,0.305857551998404,0.166640321655449,0.447294625402457,0.254708608160318,0.499159362203866,0.215948180557859,-0.0365355443371942,0.449149490224315,0.482287293137144,0.414444556667364,0.356728536702313,0.12128917173555,0.0930645511959019,0.137799049477145,0.249638024484002,0.641034730835184,0.345736824679331,0.239604812747824,0.427374266950161,0.186005280899431,0.179907287964096,0.0947381917235703
"F10_P14.rtf",0.137956284654277,0.092044374237081,0.340574143434636,0.515644163964671,0.353321502263275,0.287595544397876,0.0479752807519307,0.647065176078291,0.497222351398166,1,0.148135824783443,0.150127064430716,0.250077085361973,0.562149592779883,0.418561063304077,0.308351026127785,0.159273084893735,0.149323729946373,0.155545659722867,0.123564135118384,0.493223901265321,0.325473490484412,0.113351196742403,0.164852335731112,0.479499285523227,0.0817237190352721,0.198364589322334,0.129541091037408,0.213367175384384,0.26359880723768,0.101546273576856,0.726627243925284,0.0438065793862106,0.245844613591434,0.352938424002565,0.0338948065182047,0.420890462355442,0.473486147323089,0.535029092465069,0.128194527718903,0.235772368265268,0.130279985220353,0.24457938247791,0.379391426929675,0.107928637128825,0.425967518926344,0.310987073062302,0.141516934695399,0.437511552914481,0.241825697364493,0.121402094585989,-0.00522299504238053,0.508105550985048,0.266065741181534,0.316646133608705,0.547260036415912,0.462708718827487,0.347271528526349,0.0600015576676194,0.295202785704264,0.157994626908909,0.483573109721714,0.53271523968054,0.242050222815425,-0.0105293177491147,0.054749369601183,0.477383727956871,-0.0577856165793518,0.141678921832756,0.252801057093957,0.470073231636119,0.445389120489419,0.46342108905448,0.0354502266272452,0.0910556438751919,0.388263908536725,0.441896163754176,0.350021979266926,0.116138030370696,0.196451299877034,0.155876712147239,0.37648528939408,0.0168156139273847,0.358875639278586,0.126271355287676,0.352902019729144,0.483115421609921,0.181624451791913,0.162148453209926,-0.106663328816112
"F11_P16.rtf",0.310658369439939,0.160853009746092,0.0804892203410431,0.246093744885264,-0.0263314656092877,0.297346577582942,0.0657948424319337,0.257744442668275,0.181470227032115,0.148135824783443,1,0.267990897075477,0.0264370146701246,0.299299029695924,0.0625238922790816,0.0432677180048478,0.296791752094197,0.00170929939216696,0.166502403384305,0.0790663648897605,0.163137033757344,0.214485655915248,0.262697484379676,-0.0716711912748794,0.309309042623687,-0.0924357911303756,0.124486002294229,0.231869672710224,0.128360773500939,0.190324269971931,0.0151593693234608,0.330312225026956,0.132046548387094,0.140888253041933,0.171438022812007,0.0549595397318519,0.324211610219792,0.319608281636033,0.171892175252519,-0.0235622187881356,0.123015996205333,0.0759611029230426,0.0896712393801805,0.186078446506217,0.0202381691746127,0.240222349089846,0.0383381582363853,0.125136120243407,0.0835064435494244,-0.0388396353228009,0.115638938674977,0.0346086719044688,0.0355093510902104,-0.0301921152684659,0.0152655790122425,0.288809287117656,0.196906504724282,0.116500387097368,0.0201344661781492,0.0168031068462683,0.00123574402684855,0.0569888452292705,0.207688533866013,0.210646230062507,0.0523126245963624,0.175982148069265,0.215006040181062,0.15729355586528,0.348080658282328,0.515655092644421,0.260529080424215,0.255214236938517,0.411862797946555,0.482411587256017,0.185744805907199,0.0806151936662776,0.172365961599708,0.256365113399832,0.230024806803148,0.148400198352629,0.113032416361375,-0.0219358311221868,-0.094202956441264,0.0703858313327044,0.00785808331819335,0.213812588382543,-0.0112134057651229,0.133914271357503,0.058240570353368,0.178141615509743
"F12_P17.rtf",0.402067848959359,0.131539789232437,0.302876921127169,0.106994641892844,-0.0398211588044661,0.0881894657768656,0.136587621753897,0.258905864570518,0.0660023875398048,0.150127064430716,0.267990897075477,1,0.251319607774694,0.0382985096176166,0.0781820716551276,0.0956198700948529,0.0585203696675054,0.114015376656898,0.225364886137826,0.0443416885825073,0.0542174208332354,0.24464343127352,0.43223566064673,0.309560077476178,0.166820219130102,0.129163577082179,0.248083002782667,0.307799797014639,0.0158044092113977,0.187406225973005,0.107254806695456,0.325958834273989,0.263945158973104,0.294411708625447,0.0210054584664136,0.0859418469628441,0.0436589789241146,0.436587088071897,0.122778619444775,-0.0298507716994696,0.132635924877479,0.0598940404841211,0.306496673509805,-0.0411941391839926,-0.0355326911440685,0.0747209776090521,0.180400020389763,0.108799786101266,0.19905933171158,0.0499141006474699,0.025094597991225,0.0684004854440625,0.00706693480865087,0.186774874033231,0.393354452033089,-0.065545521374568,-0.011695091847558,-0.0078320093028074,0.13909449082945,0.0506792603600969,0.0405731688134879,0.0786484541870338,0.0762151365695616,0.164342760472236,0.0528280041455552,-0.00857347874854102,0.111242150800675,0.0939941370240689,0.32969404171502,0.0670678288489171,0.15900538977576,0.434281166891229,0.0247591049000181,0.0176124188228007,0.0572322424634867,0.160676961267547,0.353396378991414,0.22284965624484,0.0589070792203869,0.22838518177493,0.0685852791120124,0.0622753448232185,0.0633345591486983,0.113730249914586,0.0489710396183779,0.163875754577117,-0.228342201551114,0.287634464003,0.147413699766224,0.0805019160052005
"F13_P18.rtf",0.484189621546693,0.138290969830608,0.575643368768214,0.254776859567771,0.17070131394865,0.165315957840403,0.371756359997177,0.271307295783899,0.554878189306156,0.250077085361973,0.0264370146701246,0.251319607774694,1,0.355202308939839,0.647355216734763,0.0437689460917737,0.131891518745209,0.33536921785447,0.194795822680222,0.0950658658034833,0.377669426964572,0.296800254719729,0.51956783352229,0.477273290597841,0.111090858523963,0.547275300073331,0.559534930206111,0.519620667799148,0.161638365830116,0.382927188106157,0.126291217154644,0.35053777237491,0.24500429947541,0.189678926492327,0.44037779461761,0.119895525344286,0.061241482847409,0.153868442885199,0.496750989075629,0.271961590847196,0.580832059243689,0.147235737886574,0.31110136795537,0.229120891605629,0.249892461068337,0.291987468919981,0.033116948514836,0.17472997013338,0.736569657032989,0.212780417321138,0.127523696315293,0.245632392801167,0.422055563353351,0.115226224057799,0.119444491391257,0.124071959898937,0.396644779585856,0.441382861484384,0.190978146042925,0.294813120871209,0.0640068198320012,0.528126292255071,0.213656672603102,0.0799783091126564,0.102159595113383,0.048079230884517,0.0748395837600744,0.0231851566374153,0.159411572145975,0.0429344903548693,0.29203166743002,0.338049873766231,0.508764510317771,0.20962394088978,0.356009894695895,0.224568222551627,0.629757878327949,0.308298021199057,0.178498953434092,0.238911805438751,0.0796456563066136,0.151072749787179,0.180747931439408,0.537882200225119,0.131529958764301,0.347732909090265,0.272786656123868,0.0187250748038039,0.30609336541386,0.233579239522104
"F14_P19.rtf",0.10142940723069,-0.00410010132904334,0.450919949238405,0.488658629923488,0.420089669440574,0.197362077396218,0.18475292789117,0.337687060428816,0.489853141094945,0.562149592779883,0.299299029695924,0.0382985096176166,0.355202308939839,1,0.636956945784931,0.317846876709343,0.144526237358247,0.185109572150554,0.0921014275887037,0.0431797602113381,0.251331125661268,0.209034766065284,0.19473016578009,0.227199910624586,0.326118680807408,0.18191370879925,0.101358035001377,0.275267463917807,0.0998398358408009,-0.00741777581444654,0.0424809804054632,0.603913822289702,0.132948874209239,0.41634824515958,0.371645785528578,-0.00362729334092025,0.266763111954016,0.474301725953582,0.508658085796204,0.264614100427015,0.249255031517714,0.0698756164214496,0.144543957285152,0.295381813531835,0.182652686656962,0.273264250511233,-0.00705922653912379,0.0749031542647716,0.300295092688071,-0.00743572528200863,0.233078811532184,0.036874880595662,0.492822100504808,0.0411926387558499,0.320242738510153,0.228563926799627,0.377036088981591,0.13043023120843,-0.00980693287932593,0.26230111107891,-0.00866285002109914,0.206287604187501,0.289467470900232,-0.00977423894138712,0.0142965482493249,0.183007012285264,0.256170653749482,-0.0130717296328071,0.295462587492424,0.194527675235772,0.484179897543138,0.285802511135506,0.397631679391769,0.390866401867116,0.00320380742385963,0.159006054151293,0.293844167869652,0.0864128871093316,0.203295279181166,0.0789162310107428,0.0352547650095443,0.188493995886478,0.00633538328784422,0.21736035654638,0.0247275171184952,0.431362536224095,0.384094034134998,0.130919456735178,0.277949097738664,0.0597592228396505
"F15_P20.rtf",0.224004519149103,0.173789789664989,0.683177152454182,0.39868526677193,0.244983378106275,0.0814947391481246,0.0318835315836828,0.474937783018129,0.474262766362754,0.418561063304077,0.0625238922790816,0.0781820716551276,0.647355216734763,0.636956945784931,1,0.249784477625569,0.183490220177891,0.272334148637884,0.14805866393046,0.0976697202026225,0.445831378223586,0.197339461143408,0.446631146647278,0.341905596928152,0.375513980226589,0.257436364254244,0.354789534375296,0.374610820035404,0.0844260403772592,0.10804598114625,0.111170037542322,0.478295106687219,0.241156100134584,0.335519368301152,0.503712586202166,0.127025562656873,0.0525769628646103,0.290032458391755,0.574735734098836,0.32462307989473,0.232681252286396,0.113926076075447,0.393629725827012,0.427492580119702,0.455212376426685,0.425378902617662,0.07996652495727,-0.0117045102404963,0.537182851904506,0.128489757387247,0.16944045996925,0.193327492435098,0.419412705693633,0.0547593420420986,0.272185635361177,0.17338896648392,0.526943738874212,0.321041367840266,0.0962977782760097,0.382157642210407,-0.00641603340925814,0.407918343623053,0.259103427028255,0.116012239160703,0.0229760428966134,0.222261452491542,0.278323971959477,0.0697751041836619,0.143344803743311,0.0457206315518723,0.390024370345177,0.318258019727145,0.594935763104924,0.234713130109967,0.34175910410868,0.190093340827651,0.383414021517572,0.0833984253035356,0.0763387035033611,0.270284607167434,0.105936025784287,0.157701445486611,0.204508868937608,0.338766338352185,0.216622525793608,0.304935562864236,0.400391142221614,0.135464419600332,0.32874630194141,0.15386679899461
"F16_P22.rtf",0.086474992661762,0.0441837056309416,0.151784331711587,0.605795720254141,0.0418551371696732,0.0862143300458502,-0.0174966151910752,0.225118270135448,0.082717923197729,0.308351026127785,0.0432677180048478,0.0956198700948529,0.0437689460917737,0.317846876709343,0.249784477625569,1,0.00554367203723684,0.0407488802853282,-0.00539873492747696,0.0716703865835363,0.428297403387555,0.0861398234951519,-0.0390545427916687,0.0329750863152678,0.209466142652892,0.071102870602923,0.221100354453007,0.137792268419889,0.0338511382975212,0.152637567126494,0.0650410856819005,0.387048135962175,0.0491845843904691,0.0027801372874757,0.203575751841311,0.00607374991673654,0.325464962725532,0.54916541973436,0.339686493182535,0.0581565035473257,0.105609484358552,0.0164937773714792,0.0626199141280075,0.192832195693392,0.0205999148480294,0.171493513247517,0.0410837217374561,0.0586867847442263,0.00121996606327626,0.0311490050611971,0.029827785161327,0.0678302090689911,-0.0225757214868174,0.107723886718101,0.0512119581020763,0.0321084000841521,0.156844314956067,-0.174344003921466,0.0270368596026985,0.346271041732316,0.0503075934334322,0.264463481753083,0.0597072897438608,0.164179737197042,0.0362268440906725,0.0533288973464932,-0.0292666650826832,0.0541080198624437,0.0841253006781815,0.0485599300752377,-0.17179690604808,0.153796062935969,0.0769059731477682,0.0266574416571531,0.0224819344969445,-0.0520851004752098,0.088255827921689,-0.0543232350950223,0.101065515360301,0.41283443805563,0.0148446622692124,0.0883067636725797,-0.00444971786022906,0.254612668571682,0.207123941743799,-0.036925328056898,0.209816812588824,-0.0207973281192475,0.135694592507802,0.026150724563759
"F17_P23.rtf",0.113670832068677,0.0360954529483087,0.098355050749988,0.086000775006781,0.162188857714084,0.107478826829093,0.167498773902708,0.144924699910899,0.0609384436498359,0.159273084893735,0.296791752094197,0.0585203696675054,0.131891518745209,0.144526237358247,0.183490220177891,0.00554367203723684,1,0.103330469610446,0.0370555428645091,0.0975601400086393,0.106854708912071,0.147894303321461,0.200946085510311,0.0613782520880327,0.202435789405959,0.0069496074012575,0.114385860841092,0.128156108214926,0.0862025500051072,0.240648933059526,0.0758611353339941,0.341792179823222,0.177909414706937,0.0631957421468758,0.0765534637671549,-0.00840067349147971,-0.0675428787798121,0.0923473099223924,0.190477878090037,0.0176720757914998,0.0353420273011833,0.0495062913951358,0.351318356525891,0.108312599188672,0.0196381560037205,0.294533277984538,0.052709935921919,0.0159427628170272,0.14455561844185,-0.0134936222841314,0.0418797099212036,0.147391577328291,0.100019950707033,0.162869305814458,-0.0319723166709075,0.0779524880333678,0.0146291124691738,0.0491108457067197,0.0831629342908524,0.0954761732094907,0.0552569871950303,0.0274708018022562,0.113198715203987,0.055056923894074,0.0498895819656365,0.00556557873338475,0.115024978862568,0.0547865340204112,0.0435698662151554,0.04788383086423,0.194123818125513,0.273099554092979,0.43711015568379,0.0841123491751768,0.0166243865612922,-0.020780484361002,0.21557142477967,0.0759610196428297,8.5952166912517e-05,0.0792230707781925,0.0356621945738401,0.0641522897284802,0.0378354629582251,0.128700320001808,0.0639679633387399,0.10079468811507,0.138886681690538,0.070691037120747,0.205372206210819,0.0795110776561749
"F18_P27.rtf",0.294269960326862,0.00512305063371025,0.12868212175077,0.111909556509485,0.273188614665286,0.226893622581503,0.156285989260049,0.247509224030801,0.192148917657523,0.149323729946373,0.00170929939216696,0.114015376656898,0.33536921785447,0.185109572150554,0.272334148637884,0.0407488802853282,0.103330469610446,1,0.155381233481134,0.0934324002456681,0.29286287018123,0.164692797554374,0.501062223175955,0.315482206526955,0.189642452659756,0.505953178118592,0.0933248542523082,0.46169626108179,0.0412133900295156,0.0505945789856588,0.0794699508716004,0.230590205305616,0.393851882983918,0.0424940824810859,0.198407565730638,0.0621447100236003,0.0174437188137091,0.127967311552474,0.463220027804993,0.59124790211804,0.0150787754582529,0.114198008282289,0.475962572427833,0.190451789714521,0.131717548877808,0.160381930013529,0.14445332721374,0.0625233653442022,0.376426962670676,0.141419193993143,0.137080091659996,0.856346851300264,0.0999287899536026,0.116413249763359,0.128526091846576,0.189301986748276,0.119871255233182,0.0810475783453367,0.0576500876377578,0.194672291750486,0.0593092598341923,0.269741424419538,0.223294723630019,0.245434892486536,0.168011667018073,0.150585533279945,0.0368379287161448,0.0572541662517601,0.35929820322026,0.112409768070801,0.250098789419848,0.459141706059139,0.152258530598647,0.0759372443245471,0.0034609935061507,0.325697513367216,0.35019463655103,0.310608373406178,0.0727633140562025,0.240099000467056,0.128919952286133,0.0778297249713384,0.00375509408579881,0.131019567808447,0.0299531250294401,0.442225097799956,0.0651516606445099,0.13370580726884,0.0534932298567168,0.107041178731317
"F19_P29.rtf",0.0674569442662194,0.0432742810640525,0.170417696375238,0.102225754110987,0.052254208574171,0.0265215050920387,0.103932084445257,0.151895168983665,0.0978613342123754,0.155545659722867,0.166502403384305,0.225364886137826,0.194795822680222,0.0921014275887037,0.14805866393046,-0.00539873492747696,0.0370555428645091,0.155381233481134,1,0.00851991254420119,0.189603256346252,0.175900686274815,0.0768756572077563,0.170046880938195,0.20085738545187,0.231060861400216,0.0350778173820494,0.282778805704067,0.0499138337996302,0.0498774199234851,0.0961412073749294,0.133709729621996,0.124578148180965,-0.0297182631601583,0.12157106323379,0.0112230806547541,0.0962951798572053,0.109824633389737,0.0671888864253304,0.325770424503376,0.0197534312925351,0.0862975957384637,0.103543612870671,0.205269782760279,0.0457005392608314,0.248776599040127,0.0699442268090516,0.0368748469419798,0.106535002190282,0.0259857296982717,0.0909748965275559,0.0599123550348689,0.0328325404940529,0.0831682246416667,0.0296376364904158,0.141836816364227,0.230523926146212,0.0796112394312286,0.0622526111722182,-0.0299582191867988,0.109246119368103,0.0990372697249579,0.121064073556504,0.0266181233914181,0.0574280715627574,0.0486252823568568,0.121940712271796,0.0221352856356726,0.0200539826941572,0.0559712901377959,0.0858080220183894,0.272789588560894,0.30035543837309,0.044888778200552,0.0581520130732615,0.0632189792825795,0.322703719583475,0.0634695744972615,0.129615814577647,0.109950876645315,0.0626334607978407,0.0248624629877776,0.16132509693226,0.102266443517588,0.0729900991120025,0.0614266129176235,0.178855642568467,0.0772021686906799,0.1434541815176,0.0360662609147732
"F20_P31.rtf",0.0760153241843348,0.0321871640947772,0.00725264605239385,0.0176327925216003,0.0623724833124178,0.119405301050444,0.0636003042734427,0.0946432363477753,0.0715771992636817,0.123564135118384,0.0790663648897605,0.0443416885825073,0.0950658658034833,0.0431797602113381,0.0976697202026225,0.0716703865835363,0.0975601400086393,0.0934324002456681,0.00851991254420119,1,0.069225736973704,0.586999127927828,-0.00652727143836775,0.0658678068316936,0.067259419100396,0.20551034417285,-0.00601382831202595,0.186316923926746,0.0701629720871094,0.121246693721229,0.0929280745801046,0.169314101639457,0.0496415123704534,0.0698165514385674,0.0495117322620629,0.0703139325498795,0.0488655521132306,0.0873554275723559,0.101705748362769,0.0577375535349987,-0.0535551990335255,0.0302126772324089,0.108950370895217,0.226665171645595,0.028722622904913,0.195289304179563,0.0343617843284544,0.0472278091548802,0.0963421738566372,0.0307315199700211,0.0275116279893946,0.0409499549536542,0.129496353813174,-0.0212015958497843,0.225128535664163,0.161113692294886,0.14862535790627,0.0875947564209154,0.0885410601133576,0.209135645602795,0.024333054318727,0.0740658553778541,0.0658544819145284,-0.0770449883215953,0.03774632902527,0.0384146970445679,0.107077461168201,0.0780230132776015,0.0253248469244204,0.0559741324517321,0.312352785401348,0.338526236413463,-0.0448084428764126,0.047639868492238,0.151626064400306,-0.0163889407299983,0.212170327211267,0.0824053935076098,0.010352294580734,0.160529212215812,0.0400772537857758,0.0110443675062119,0.117371903820871,0.0937017067306763,0.0161931683981738,-0.0171698113489814,0.0989704222243711,0.0553798451631641,0.0186236035615327,0.116653721198015
"F21_P32.rtf",0.424800145608084,0.273045804230193,0.306461005341602,0.625829512517133,0.299343994090616,0.153618744472664,0.0980188153361755,0.577772309325598,0.597402079772654,0.493223901265321,0.163137033757344,0.0542174208332354,0.377669426964572,0.251331125661268,0.445831378223586,0.428297403387555,0.106854708912071,0.29286287018123,0.189603256346252,0.069225736973704,1,0.313425439217917,0.390297780600424,0.123887010948824,0.318195534975911,0.262453653482561,0.615400940200574,0.404145758081394,0.141469900072717,0.574744017754336,0.18789475902451,0.598646234372858,0.327837122003275,0.116257977965333,0.639330862832148,0.237553226640555,0.504367862674497,0.403848040521791,0.640367194473405,0.250493350489175,0.0979478323588232,0.0542119981226736,0.376742076752336,0.447019511933245,0.212761459259141,0.323283071563834,0.161119650362564,0.222416569961946,0.524607832177459,0.223457656256732,0.0660462678372755,0.212052516145662,0.251003896988869,0.162998636049238,0.144410584486112,0.616082836676998,0.548666537339207,0.412777367574702,0.0466827671850156,0.474232674176063,0.194664761733379,0.742352982354259,0.503789923125585,0.455260803064148,0.0687427448350913,0.255056051925169,0.323959200182317,0.367921393647824,0.276281238683334,0.183453145301191,0.0694632911349935,0.404789948283644,0.504138344749449,0.00305885037050155,0.101194007875849,0.34387750058352,0.518553358885903,0.487055881256863,0.310259525551094,0.351792438872405,0.0398068380766077,0.108102983362861,0.216310082368224,0.608207086525999,0.322933470936606,0.172985464377104,0.568722557278913,0.0770113049402348,0.364722394468184,0.0934084359361541
"F22_P36.rtf",0.336696064120937,0.0548768975844068,0.0233027600349762,0.309306074275784,0.0597152876001957,0.0688810560767588,0.141456328497034,0.550724259987676,0.36318497006825,0.325473490484412,0.214485655915248,0.24464343127352,0.296800254719729,0.209034766065284,0.197339461143408,0.0861398234951519,0.147894303321461,0.164692797554374,0.175900686274815,0.586999127927828,0.313425439217917,1,0.110261305015682,0.157872520789626,0.0355591470593365,0.273232012961284,0.238869340162836,0.133153022022953,0.0268956039102103,0.401582315066874,0.0224474398240501,0.518266815185773,-0.112446265446055,0.141219179818341,0.212944985263702,0.33784119292448,0.137069160247495,0.213847541763836,0.429677824786981,0.0892224400914137,0.300325732767899,0.0417337743929017,0.0690575528481467,0.190654428457183,0.0911776968612363,0.490077607668573,0.0118482616688954,0.0372376239314257,0.345438697985182,-0.0774029508406597,0.0211866085013596,0.156047847865832,0.323771575356497,0.136143385685816,0.238445567727076,0.26077281487139,0.276653984310456,0.159566062760226,0.0518259685481594,0.205174035570132,0.117336083854484,0.19740949986697,0.200047657368091,0.196044494522775,0.063337471116773,0.162955122584856,0.16221437749803,0.0584242025260947,0.101705457465936,0.0352410054448103,0.258028285106647,0.285788928883021,0.222340447452574,0.0938400536296583,0.0801056824462003,0.273031702726063,0.429014668809128,0.298979866949831,0.104181157379505,0.0750292448470566,0.0208993762154968,-0.0441107291657478,0.0584232027573656,0.390093002251267,0.0145629796350649,0.160128732862432,0.15996589102868,0.210157195928244,0.176450121759484,-0.168595454540353
"F23_P39.rtf",0.663787032610245,0.158588398751169,0.404938550333044,0.151604196548167,0.17961115499299,0.163008664381475,-0.0220535173587081,0.224541489082378,0.364049493916553,0.113351196742403,0.262697484379676,0.43223566064673,0.51956783352229,0.19473016578009,0.446631146647278,-0.0390545427916687,0.200946085510311,0.501062223175955,0.0768756572077563,-0.00652727143836775,0.390297780600424,0.110261305015682,1,0.165788140988293,0.134570237729037,0.301041323319826,0.351767378759055,0.60499117231057,0.0580744801003523,0.207538864567697,0.146699106391689,0.276353451806329,0.504971373323754,0.356866059157615,0.310113669712588,0.0258672848786357,0.145653650626702,0.204417366159245,0.438679429001562,0.190452581300113,0.0900998385792508,0.172373291886704,0.546148944881946,0.0965993366686585,0.158044226480207,0.0969371551239381,0.0286501379418002,0.160278387514432,0.634182206178291,0.0538023518752774,0.214629150360348,0.470571283997278,0.0421425968321022,-0.0173300866521855,0.210983133497111,0.209468861203359,0.230700733937445,0.215385047467397,0.0214590383791661,0.270055407050452,0.109587366292572,0.472191935646168,0.131238510118507,0.22433803051621,0.0501238035590635,0.173706059956058,-0.0292421790084474,0.0283497172373064,0.461181211871888,0.130235225107223,0.194852449802923,0.347643444483362,0.358797937919609,0.0529123645215668,0.209462517334075,0.214008998345666,0.453183992373933,0.596283047566846,0.118188675859545,0.071774227843244,0.108931854327082,0.147983705996442,0.298640551046285,0.350776583222573,0.112553119285627,0.156170295178485,-0.010342061269538,0.0984689803757559,0.267405220601235,0.23081432612274
