"","Isaiah01.txt","Isaiah02.txt","Isaiah03.txt","Isaiah04.txt","Isaiah05.txt","Isaiah06.txt","Isaiah07.txt","Isaiah08.txt","Isaiah09.txt","Isaiah10.txt","Isaiah11.txt","Isaiah12.txt","Isaiah13.txt","Isaiah14.txt","Isaiah15.txt","Isaiah16.txt","Isaiah17.txt","Isaiah18.txt","Isaiah19.txt","Isaiah20.txt","Isaiah21.txt","Isaiah22.txt","Isaiah23.txt","Isaiah24.txt","Isaiah25.txt","Isaiah26.txt","Isaiah27.txt","Isaiah28.txt","Isaiah29.txt","Isaiah30.txt","Isaiah31.txt","Isaiah32.txt","Isaiah33.txt","Isaiah34.txt","Isaiah35.txt","Isaiah36.txt","Isaiah37.txt","Isaiah38.txt","Isaiah39.txt","Isaiah40.txt","Isaiah41.txt","Isaiah42.txt","Isaiah43.txt","Isaiah44.txt","Isaiah45.txt","Isaiah46.txt","Isaiah47.txt","Isaiah48.txt","Isaiah49.txt","Isaiah50.txt","Isaiah51.txt","Isaiah52.txt","Isaiah53.txt","Isaiah54.txt","Isaiah55.txt","Isaiah56.txt","Isaiah57.txt","Isaiah58.txt","Isaiah59.txt","Isaiah60.txt","Isaiah61.txt","Isaiah62.txt","Isaiah63.txt","Isaiah64.txt","Isaiah65.txt","Isaiah66.txt","IsaiahComposite01.txt","IsaiahComposite02.txt","IsaiahComposite03.txt"
"Isaiah01.txt",1,0.147617993158827,0.090442481346545,0.218362062548872,0.116528253452116,0.358555162148803,0.0995995422770855,0.00604623481556867,0.248472045350236,0.101396477344031,0.0557512276547125,0.2603503580674,0.139347813289243,0.0737738115141742,0.101238079424288,0.156166360535188,0.221537671720817,0.392118250534064,0.091444810015516,0.0648375664345442,0.0673425060029556,0.0844426538599555,0.106208799036229,0.0871562928099402,0.181057557538476,0.191515063760131,0.122343624138535,0.0733981211862957,0.0826141590111573,0.101697909103326,0.376486033993272,0.14887275816886,0.145135109484259,0.209512222069625,0.120191795608768,0.0450364396197672,0.116055913175186,0.0857904159008391,0.170225588455797,0.0887178794360554,0.18928360258288,0.174089067784105,0.267239051695566,0.0896604603946603,0.165430314472626,0.275182430343086,0.139404654419406,0.226158834245623,0.223055640381081,0.209500994419273,0.119595498409926,0.210040211832253,0.168060362595297,0.149105276896564,0.353367721877681,0.290254569998887,0.0330246771054542,0.236384229826929,0.182350828018669,0.0880103442290097,0.213489359195816,0.253011023750455,0.181311822498571,0.210248897278785,0.111188627121916,0.240761022332363,0.306836571995074,0.185215066497515,0.182873100718837
"Isaiah02.txt",0.147617993158827,1,0.416511586369586,0.670445641583823,0.257362907127779,0.674996917970218,0.279735539431164,0.311601047382014,0.355535241434378,0.386807282946591,0.616810658901509,0.65983084105782,0.763093154298559,0.19251920757022,0.363629153993352,0.438834875646151,0.657265040433191,0.670310018389611,0.124103761389475,0.489005257834953,0.309607304743067,0.139453540997479,0.556231480984499,0.494454408476773,0.698777354440273,0.691330349998502,0.637716808430405,0.0910794328681086,0.158505241402124,0.245511658936741,0.566250820971508,0.174100915321234,0.376488845275952,0.568205281735903,0.372032762521732,0.153238600578003,0.350230450732023,0.511991242582959,0.564424246807373,0.416427013046569,0.227313887987122,0.492800754951653,0.406285189814564,0.114229576697627,0.464756765601272,0.390267155993713,0.174956777583123,0.445076505156765,0.52601936131489,0.120605868916477,0.0720227086884345,0.517776121311921,0.145005102848178,0.341820567626739,0.410472010959449,0.444915140379843,0.174785363848474,0.33299313112242,0.129864363628084,0.618384320233491,0.331467997948738,0.559003134555945,0.149921868936898,0.291629348408575,0.307402984623688,0.376347816656514,0.625541827015639,0.332278110199175,0.335754332480705
"Isaiah03.txt",0.090442481346545,0.416511586369586,1,0.454205163180429,0.127433048742129,0.29621523136205,0.0413456922127165,-0.0194312637879969,0.328151034240335,0.102405960406022,0.445735533957019,0.300790167762458,0.197124053943117,0.0519658748742283,0.0303219334498976,-0.00230304136268114,0.00319668794721285,0.107305566600843,0.157327267463054,0.194778072719887,-0.0230315451458863,0.183701183124678,0.0554171015728315,-0.0910555922882373,0.259605143524132,0.304347374006707,0.133028670136718,0.0884770114066939,0.0614360800089911,0.0916050442273022,0.34336438337763,0.0889055323468551,0.101625963099992,0.0376004594226565,0.161333093078097,0.0785369454186669,0.097642028444636,0.0813470053913049,0.198257593692776,0.0626515891111505,0.130554377763451,0.137723432327069,0.0846011113397445,0.0738793209684634,0.113485983414261,0.0988139785305317,0.0883146658508901,0.135301113962709,0.23711995028829,0.0985548585353353,0.0707844222637978,0.260402029344519,0.209656573809982,0.148934382831167,0.368682691000829,0.138094363329275,-0.0242779210521743,0.3078580155886,0.127411649935395,0.135617866484831,0.175295361446016,0.21996658800347,-0.0200359212105242,0.0655359187642294,0.176667664021278,0.0739499293620018,0.296679150990016,0.156173144034111,0.12231488661911
"Isaiah04.txt",0.218362062548872,0.670445641583823,0.454205163180429,1,0.255333239675489,0.807971918434444,0.272827292121816,0.145150272451045,0.528734761779201,0.352519170028054,0.651974197735022,0.701159300117172,0.62448410567807,0.33675084686238,0.318449807390114,0.423466764526363,0.671299271933702,0.530297238785898,0.319494023245149,0.515061543909985,0.42993619320507,0.233631422269805,0.439353358240141,0.406151586879532,0.75442891039166,0.558066326805688,0.783911289045578,0.383890981234321,0.240473382248667,0.631892077509042,0.733680706191581,0.464910903489916,0.26521598786481,0.661418415196043,0.597981503418703,0.325970057979983,0.386680633805588,0.498830270607499,0.575887461915742,0.166912982929875,0.331477039271357,0.576102188090093,0.47286737910743,0.332105164743418,0.489332034480578,0.389939325209829,0.285874234429161,0.556863935709993,0.485458628220377,0.409334977773345,0.340519229794541,0.532142785268046,0.323841169791854,0.443867788113719,0.598627804739515,0.552405491960419,0.37922743667064,0.53109063277043,0.30347912034478,0.526328450183533,0.447872924538177,0.641827572409748,0.393745569303924,0.478460523068923,0.510333974633487,0.448913519717837,0.763503840604233,0.447830345451707,0.539017900484034
"Isaiah05.txt",0.116528253452116,0.257362907127779,0.127433048742129,0.255333239675489,1,0.409866153236826,0.108775462106202,0.102944257930862,0.150151066449843,0.11542134329669,0.225259293290502,0.338588975201135,0.241521273108144,0.108406815736675,0.126148501741439,0.120412580745216,0.388684140622732,0.141493534206043,0.0459291726874105,0.05901975829618,0.0499566418685732,0.114240506612386,0.134475149436992,0.270905680826169,0.226913008184534,0.0676649059263461,0.424908985465903,0.0947868105255745,0.134778603268408,0.120066241518145,0.412516729737608,0.186592492473927,0.107254613280749,0.228902750325209,0.205778214527562,0.0829546684489297,0.0833537024372902,0.104414052712638,0.0556637641128976,0.0934945043179914,0.120843538825016,0.243562138942006,0.133749886319183,0.0937903820893848,0.29323348768176,0.262225265899864,0.0904025920663589,0.121133429554244,0.192329366833114,0.231413475737986,0.140941310834059,0.110489409389892,0.249693509264657,0.16868954395652,0.212582408706321,0.239666433083408,0.139264878515195,0.236933220023646,0.151473406140132,0.132972121649034,0.119184910909692,0.258230069164176,0.120653865244712,0.161014873939871,0.106758856481593,0.119531572971278,0.342483912626509,0.198139060254017,0.171672302400518
"Isaiah06.txt",0.358555162148803,0.674996917970218,0.29621523136205,0.807971918434444,0.409866153236826,1,0.301917485550566,0.301575588331441,0.426983286430249,0.350438266931901,0.637627739046932,0.713332876808054,0.520295233606858,0.27825290061688,0.32190372460297,0.365718138484168,0.733408706237971,0.629127066923118,0.400834098119566,0.605874170044944,0.390780188076871,0.223246326272566,0.413120142814086,0.458769086770771,0.65232283870218,0.431417741035073,0.787025958266485,0.261690614442865,0.34840961805324,0.40493604764522,0.790739035669526,0.518107746562731,0.558355736473298,0.601813528259066,0.680905879383476,0.519322076268494,0.5119430006202,0.429036578522514,0.548107581771539,0.313179321288434,0.416117246160743,0.612403638574504,0.553787172826965,0.439148778485192,0.514820048380428,0.518218298800517,0.321665623358017,0.584039430289263,0.484721954646921,0.488218254890267,0.286709575505829,0.543194373481088,0.284301232826351,0.438514740209706,0.529063472957579,0.528044764215817,0.391081242053406,0.365932834234965,0.272068195641734,0.359140980656456,0.393706259298551,0.535528477761528,0.359090521537128,0.468661463054392,0.458887747853617,0.40382080844935,0.815843381860171,0.527617725295701,0.450122011621521
"Isaiah07.txt",0.0995995422770855,0.279735539431164,0.0413456922127165,0.272827292121816,0.108775462106202,0.301917485550566,1,0.413884093172106,0.628195763740894,0.1073288319115,0.623168092041892,0.240056895144544,0.193880623360358,0.175617002191562,-0.0152302032109281,0.0883956709995205,0.522329336016634,0.182861789643525,0.133435655306259,0.475049773251196,0.0728078416077725,0.146970153126021,0.000400561130232555,-0.0192827425727404,0.162289256732268,0.166765078687778,0.424490127405661,0.0765372561910846,0.0475393444564752,0.0994892786435433,0.145070920871091,0.321195095460661,0.0612413527618584,0.154308217558871,0.136773480993129,0.304292170150333,0.161462500199311,0.439156755272632,0.384732784296301,0.136871894814626,0.174578711890485,0.188886227065489,0.180943022680923,0.0917412369737026,0.128765429955502,0.175672456585356,0.117776673108638,0.183088548956076,0.190480909849501,0.208174207236802,0.135870010699023,0.187565123415841,0.194000420097064,0.242151772220385,0.324786992242679,0.235528572103404,0.180788514946524,0.175207388457388,0.110796285778812,0.180644870886087,0.0448842467338021,0.264300501710301,0.0660356226719707,0.155307680234959,0.168488985316613,0.152757805590881,0.323262665085646,0.153006033400303,0.136299145945119
"Isaiah08.txt",0.00604623481556867,0.311601047382014,-0.0194312637879969,0.145150272451045,0.102944257930862,0.301575588331441,0.413884093172106,1,0.276149275934714,0.166487959272301,0.260624892356239,0.246578767799098,0.0735649671450128,0.0500165603139078,0.202825712497345,-0.0961638095055915,0.285510986976761,0.486840120879654,0.21796119682228,0.465942970040744,0.0639461284478446,0.233816020530357,0.263651562333647,0.158975179613234,0.113997789687463,0.0149147843052888,0.203714090126735,0.125806867069293,0.266108225092522,0.134824408851443,0.404669689338805,-0.265288353492836,0.275967457661501,-0.0356267950084377,0.246113798220372,0.0882623129990656,0.163269118597185,0.156734951857915,0.16334796704702,0.0633588398875121,0.154640850649413,0.264871165137725,0.183178939738921,0.108362391052785,0.20117051133976,0.327580275231956,0.00449180711575546,0.186389746553732,0.414181159239397,0.230431106379569,0.0883511732576865,0.291170175310253,0.240656341698016,0.121121574497913,0.148805135756691,0.242746717477192,-0.114051018543599,0.177461183114728,0.197492418072363,0.268264181792571,0.226978301275034,0.200292946377711,0.226612159662283,0.0863951897664335,0.037889060403616,0.307672086269025,0.355701540250667,0.195565132039021,0.18747784140453
"Isaiah09.txt",0.248472045350236,0.355535241434378,0.328151034240335,0.528734761779201,0.150151066449843,0.426983286430249,0.628195763740894,0.276149275934714,1,0.524726704937185,0.595170699921543,0.404689039756786,0.259071667166149,0.334204382274632,0.289645276528728,0.281508769931594,0.549528082879642,0.323485968033092,0.229263677377073,0.373487337785721,0.161895842256926,0.228626342615129,0.0808673835354895,0.206689835675965,0.285288267189105,0.367049221612824,0.517578205558862,0.156595995000568,0.0601450330568948,0.186053657264192,0.382668364918283,0.359470009196285,0.0897270601384891,0.294465130128492,0.313008198037865,0.0651352720101737,0.158225275081764,0.427340209012772,0.325822734624824,0.0570568025662366,0.102458176357071,0.31656538456132,0.160741256000393,0.387204214476684,0.207719951765751,0.285794681170513,0.0929439250290186,0.327185062911221,0.223325298391435,0.23635954541435,0.374047597132814,0.280192818518915,0.369120277580459,0.186785417161088,0.468275226274956,0.352634238620106,0.114558732636664,0.493517770781533,0.459846524623527,0.312167705935483,0.260196737767767,0.299322010502755,0.306605693270965,0.314904484416263,0.15483117891665,0.150652849543107,0.540234750152541,0.296598022671435,0.327543776216457
"Isaiah10.txt",0.101396477344031,0.386807282946591,0.102405960406022,0.352519170028054,0.11542134329669,0.350438266931901,0.1073288319115,0.166487959272301,0.524726704937185,1,0.378072026472664,0.318024841803394,0.225529638052579,0.222994155132473,0.194660240226713,0.23527493306418,0.501129077472355,0.276309524597741,0.127512375006413,0.206952440438796,0.129684519268872,0.145197078336915,0.12908620687057,0.155451301602238,0.192551102593811,0.175426116456373,0.489597611321431,0.138145979814925,0.123593860639727,0.199782287385629,0.54834532438214,0.169639670715929,0.121125235079373,0.1682329605896,0.107923240146481,0.0885231976363927,0.212090228161468,-0.000459376565160792,0.113902006699589,0.132304773966721,0.139163994213446,0.397583555453331,0.189448724520722,0.112997089116155,0.27701983320194,0.339009623165317,0.16032037855696,0.342260654484055,0.187616501960861,0.199233424889568,0.142791289379886,0.290307714877084,0.139363508523263,0.130518143250627,0.231786986509951,0.160939355020011,0.13471717851697,0.158283780445732,0.15160728195226,0.234759660341911,0.0771749878547577,0.188504002371429,0.141831800598353,0.133755746578566,0.135985643255606,0.139292204755508,0.369307410527779,0.219791189553319,0.156674737407603
"Isaiah11.txt",0.0557512276547125,0.616810658901509,0.445735533957019,0.651974197735022,0.225259293290502,0.637627739046932,0.623168092041892,0.260624892356239,0.595170699921543,0.378072026472664,1,0.364219223667811,0.62597888648691,0.220378680921828,0.0859497050814276,0.174502939161807,0.67460074774415,0.38985225172434,0.349763604189989,0.511906015324256,0.119734544402093,-0.0145518163229442,0.325055991474341,0.0714734760432277,0.443877970475642,0.285863247490721,0.749186795033434,0.175748445506703,0.123426664844343,0.183713423139042,0.449712041515335,0.494591287234475,0.299894020852053,0.557925708314169,0.453201621197984,0.241625119112819,0.173969922766792,0.264451584164125,0.2967788105606,0.11236960807953,0.166287889607845,0.391566373141687,0.305537418781887,0.148005297577274,0.260354940103076,0.288019693848703,0.280279831534943,0.343490186616066,0.301278418707896,0.309187504460862,0.141363622943256,0.3645449761578,0.357644470444761,0.415591765970876,0.440159554478003,0.349547107456241,0.386058653575656,0.19994845664999,0.0735389025558049,0.236123847165605,0.176774245968285,0.370646229294917,0.170551768187867,0.234383255064281,0.468915147127449,0.347116995025023,0.60406066520309,0.320875015934205,0.341607840610534
"Isaiah12.txt",0.2603503580674,0.65983084105782,0.300790167762458,0.701159300117172,0.338588975201135,0.713332876808054,0.240056895144544,0.246578767799098,0.404689039756786,0.318024841803394,0.364219223667811,1,0.418513416760331,0.329139995046872,0.146178830121727,0.285224290043873,0.619760824236368,0.398528770568575,0.287695128033956,0.378012396536511,0.40788925900755,0.353748510769956,0.390762060801821,0.585206208570318,0.689881191872609,0.708112775689244,0.623525585410905,0.109249283469733,0.273808514296459,0.389104690836315,0.708260217217297,0.296105210819757,0.458045016615978,0.389324710299536,0.512631343083418,0.296504245325639,0.302082088245256,0.522192511971112,0.570116858164443,0.284012180738447,0.55107782973661,0.73014236747986,0.654081700611296,0.32378263815393,0.738388468051696,0.510190580644667,0.30347872643673,0.740015988356354,0.715457222336928,0.390337700011096,0.453579124016643,0.722842586951301,0.152568768993342,0.523064282738278,0.650787095587153,0.596464040239423,0.316796489781574,0.678591813736024,0.400030727456636,0.722506024573464,0.49607428820215,0.79923703100361,0.472781729441587,0.624699873886636,0.334533351670786,0.310650509807738,0.466674918161971,0.492701029353212,0.467793159145776
"Isaiah13.txt",0.139347813289243,0.763093154298559,0.197124053943117,0.62448410567807,0.241521273108144,0.520295233606858,0.193880623360358,0.0735649671450128,0.259071667166149,0.225529638052579,0.62597888648691,0.418513416760331,1,0.271588250807318,0.308045868349834,0.39812369606955,0.636646724744939,0.57706404816086,0.121436481267823,0.27852523765934,0.241435730704682,-0.00773782893005759,0.714567777015788,0.462845090060685,0.651638585410879,0.483315664140178,0.661894387286952,0.0942138658049743,0.00428307796567454,0.213224952361589,0.380841714490369,0.22506784461874,0.21515925741792,0.866167469906139,0.442023732879443,-0.0868256067242699,0.192644021386656,0.387381467851726,0.383176967263093,0.164149504684288,-0.0135417797936055,0.357817420600991,0.305095930604392,0.0849338013041446,0.311452718707349,0.264849119096112,0.220562773832879,0.380914172583073,0.383104031943403,0.149543097399524,0.233416970628308,0.403936203914936,0.236148076302635,0.36625742653401,0.381789476841699,0.26970250424696,0.200443403655449,0.122882615273707,-0.171435758233331,0.368911481012441,0.15996036127519,0.417831862285614,0.0931005106704814,0.186059394358689,0.451602265651836,0.509507786108098,0.514086148474994,0.277365692359179,0.264006387618227
"Isaiah14.txt",0.0737738115141742,0.19251920757022,0.0519658748742283,0.33675084686238,0.108406815736675,0.27825290061688,0.175617002191562,0.0500165603139078,0.334204382274632,0.222994155132473,0.220378680921828,0.329139995046872,0.271588250807318,1,0.0726265866866406,-0.0207596203066526,0.36053010143109,0.341757166706228,0.126065752378944,0.191954468350243,0.159999058617061,0.186656583400168,0.185096925716619,0.212377662881626,0.447750876805357,0.299209495596795,0.483727212590193,0.106248918224285,0.0849481336316441,0.152296642400165,0.277606781562386,-0.000113028914530553,0.135499855756288,0.357446043155843,0.26195040607736,0.0527955991649653,0.221327380358784,0.171387576179978,0.23286330483693,0.0971195276713401,0.39606553785869,0.103293254460432,0.1662899357864,0.145789652969388,0.11317773280525,0.224641111516409,0.215423860301224,0.181177455569884,0.361361855989566,0.0529962044381648,0.18139855759211,0.279523453549039,0.185566037032995,0.375190654793219,0.254672527685736,0.195334266706387,0.221924325532136,0.286420753119911,0.0150472933357712,0.234852668378993,0.224229499528419,0.304361147644856,0.276793359795185,0.270119399645263,0.162026561857997,0.161200942569902,0.358408225341107,0.224634103554449,0.215763524981261
"Isaiah15.txt",0.101238079424288,0.363629153993352,0.0303219334498976,0.318449807390114,0.126148501741439,0.32190372460297,-0.0152302032109281,0.202825712497345,0.289645276528728,0.194660240226713,0.0859497050814276,0.146178830121727,0.308045868349834,0.0726265866866406,1,0.843354335732228,0.452276830148046,0.699391189111081,-0.00864473776667954,0.351877226471349,0.538231455565035,0.528967047004276,0.445278137695363,0.428781385338367,0.375453804749729,0.382521075365664,0.344246471738708,0.00331398629064851,0.169858577254772,0.0903466430888043,0.226332433041651,0.207464688438216,0.0195271283842154,0.262100913361716,0.426993405887541,0.0571719008160545,0.172936113375953,0.39449890503046,0.337923655940273,0.124182616279052,-0.00422032773364106,0.165762154629457,0.144359342780836,0.178331813726164,0.18615081902236,0.353519773566981,0.18510334957271,0.169782038912698,0.0934681044557625,0.154889837964346,0.172562516377137,0.142428011525172,0.235165086513128,0.02389691081288,0.129140060864921,0.208668023832915,0.0393925342332906,0.168645139744747,0.131536492921857,0.220170367062578,0.234549114364884,0.0651815202275594,0.200245218538083,0.233842784845713,0.0670535161128913,0.181322445182129,0.661898845988745,0.305518732695729,0.25032935213104
"Isaiah16.txt",0.156166360535188,0.438834875646151,-0.00230304136268114,0.423466764526363,0.120412580745216,0.365718138484168,0.0883956709995205,-0.0961638095055915,0.281508769931594,0.23527493306418,0.174502939161807,0.285224290043873,0.39812369606955,-0.0207596203066526,0.843354335732228,1,0.581185397097318,0.567834720126943,0.00967874823468081,0.292253488237124,0.655430649280126,0.441529147293971,0.410372778505109,0.492372140904454,0.505938428428093,0.568366044179468,0.45501366134057,0.0768157441295436,0.189451044437584,0.123418690438918,0.215929571402885,0.523745283952372,-0.0395069384030389,0.393185947503161,0.359016967708393,0.161140244541186,0.118504910510845,0.505762473406888,0.414207052283123,0.186821564319866,0.0781308043754862,0.270772841386372,0.260567638870571,0.115288063821829,0.308259550707444,0.268688991551829,0.202344716394007,0.285105531831084,0.0566482420610945,0.100559044848949,0.153232751464056,0.152162746753042,0.0328479077743247,0.0658498097755761,0.176070720202953,0.247636772968904,0.195061879908985,0.176740781793887,0.0784318608905391,0.305007884477061,0.157132993417929,0.195119211710825,0.133247256590198,0.272642554594881,0.134368706386881,0.117975376890873,0.599315801431084,0.249246087271342,0.21926139403522
"Isaiah17.txt",0.221537671720817,0.657265040433191,0.00319668794721285,0.671299271933702,0.388684140622732,0.733408706237971,0.522329336016634,0.285510986976761,0.549528082879642,0.501129077472355,0.67460074774415,0.619760824236368,0.636646724744939,0.36053010143109,0.452276830148046,0.581185397097318,1,0.621720334352799,0.232937544793696,0.512458998427678,0.400837115516692,0.323137369115776,0.529559836772922,0.43805307837422,0.703177469392554,0.552145491973788,0.883483103367685,0.194130027564948,0.223467345301107,0.335985137051638,0.561111439116567,0.541372477739625,0.414604425675346,0.623719941231099,0.560301255552433,0.26916002634323,0.266993775267968,0.534468064893539,0.522572043425991,0.211773912254608,0.240364766296765,0.506977994721832,0.488536411648927,0.124786331208719,0.485095248926675,0.463053980526816,0.449972408368415,0.526542384794022,0.36830299114838,0.373599415713055,0.333513665242955,0.452759173089513,0.28845168966316,0.507634755395329,0.435042715401965,0.438723758035834,0.519245758643979,0.305836375905064,0.17411533948663,0.439366987703621,0.23311566850235,0.546281154272249,0.402367345715768,0.530415512872886,0.297527741447175,0.290800254185147,0.765129161565764,0.408999597078977,0.399234580200817
"Isaiah18.txt",0.392118250534064,0.670310018389611,0.107305566600843,0.530297238785898,0.141493534206043,0.629127066923118,0.182861789643525,0.486840120879654,0.323485968033092,0.276309524597741,0.38985225172434,0.398528770568575,0.57706404816086,0.341757166706228,0.699391189111081,0.567834720126943,0.621720334352799,1,0.280582817188847,0.578481673756923,0.475385829828381,0.257776538309209,0.640463654915876,0.497804705940401,0.61381761610159,0.495257989298376,0.586421276432567,0.15596961736388,0.295002283138968,0.210075019731793,0.560459492486127,0.124120041891069,0.228565256480886,0.536478714322378,0.501679723955786,0.137294440984983,0.309008712218461,0.397007378306462,0.422480768540224,0.267998553454554,0.313421464888079,0.380651832678815,0.387790900682521,0.158865515441653,0.364472342641014,0.530649030160635,0.220753595302573,0.352063175670314,0.480264455610107,0.220785703411215,0.103437042939977,0.421889880659085,0.318173995543726,0.294399725274948,0.337366827452381,0.35056839051938,0.0459863636285236,0.209776837590182,0.0767044213014582,0.394209208808255,0.311717468605076,0.296565154836934,0.268958775589848,0.211934692848893,0.173415701665759,0.373277616664331,0.826093538992125,0.435740145186507,0.295262352510025
"Isaiah19.txt",0.091444810015516,0.124103761389475,0.157327267463054,0.319494023245149,0.0459291726874105,0.400834098119566,0.133435655306259,0.21796119682228,0.229263677377073,0.127512375006413,0.349763604189989,0.287695128033956,0.121436481267823,0.126065752378944,-0.00864473776667954,0.00967874823468081,0.232937544793696,0.280582817188847,1,0.483113847819555,0.0598269372515737,0.0109234030819174,0.450877209397754,0.181733712420054,0.187317099110602,0.0499765522931651,0.365638932550145,0.0806919367414049,0.096634084217101,0.121553874175023,0.496665569675629,0.21010913643513,0.0316120520166352,0.196233921497558,0.279900194654842,0.293615645981748,0.125493336322729,0.0604168253102216,0.0806122263755043,0.107317681976889,0.221643504161977,0.159422216818743,0.233214246346863,0.15465775958757,0.234244025068026,0.247973751435932,0.0134430541554144,0.296067175555421,0.0632047350584528,0.0890680693708018,0.213685668569977,0.19936793107957,0.0266236126830636,0.0547116182268622,0.134546015309058,0.144725666613816,0.151409940279044,0.115421836802739,0.0424665357945236,0.0972901009656326,0.15639856175615,0.127080178619482,0.447715610990256,0.126735595048313,0.0361833970346208,0.148320785512921,0.317549313669488,0.174074983360936,0.15322935242925
"Isaiah20.txt",0.0648375664345442,0.489005257834953,0.194778072719887,0.515061543909985,0.05901975829618,0.605874170044944,0.475049773251196,0.465942970040744,0.373487337785721,0.206952440438796,0.511906015324256,0.378012396536511,0.27852523765934,0.191954468350243,0.351877226471349,0.292253488237124,0.512458998427678,0.578481673756923,0.483113847819555,1,0.262368113849466,0.215661763363548,0.476575557942368,0.138833447058813,0.377296468543245,0.309595217515714,0.543426076353572,0.0307865289426335,0.122467795319774,0.225078268864713,0.473282421379621,0.162572774226744,0.111564102569975,0.182236477805131,0.276776699880392,0.69104754084406,0.701304655933282,0.595232824761673,0.74508556150669,0.0285192456718026,0.285910172324293,0.299914792362531,0.425233995745643,0.145946662869687,0.408832502892505,0.399247197821215,0.284107179094516,0.406313972044302,0.360045228859292,0.245924134236693,0.0844014164159773,0.315495990679996,0.243506539451044,0.285560699919842,0.351421480769262,0.312379672565769,0.178079404456534,0.222876881330067,0.14557173165829,0.346311888822891,0.1644258309466,0.321178056886076,0.319107295273792,0.27866327997477,0.126838334055215,0.175451440373579,0.649536122179745,0.303343296547841,0.252528374213167
"Isaiah21.txt",0.0673425060029556,0.309607304743067,-0.0230315451458863,0.42993619320507,0.0499566418685732,0.390780188076871,0.0728078416077725,0.0639461284478446,0.161895842256926,0.129684519268872,0.119734544402093,0.40788925900755,0.241435730704682,0.159999058617061,0.538231455565035,0.655430649280126,0.400837115516692,0.475385829828381,0.0598269372515737,0.262368113849466,1,0.376564799065599,0.193229138011657,0.678631369271322,0.311273171746017,0.360361475555905,0.510219894769579,0.150322065972418,0.106828990889318,0.192265988369989,0.307061666785156,0.436208966196076,0.12312020794309,0.328176182985534,0.531506778206586,0.383902956616082,0.00801051420075253,0.210975534153588,0.238733203874924,-0.00159081417609982,0.516591148089313,0.55676326616671,0.275903673479245,0.182280453206161,0.347391049222023,0.250047216895211,-0.104139677879241,0.263765598046392,0.375664901931835,0.157166787765742,0.11088401000171,0.289879251284128,-0.081989939420396,0.0259804925113234,0.234360912757909,0.260059310722361,-0.0747560469657067,0.221973799068136,0.0792534155204634,0.352308209906222,0.242068109632048,0.223837329962181,-0.0311003426328163,0.0681166884538445,0.382294490745308,0.157814785111211,0.493155394121006,0.243466638633903,0.182171578677107
"Isaiah22.txt",0.0844426538599555,0.139453540997479,0.183701183124678,0.233631422269805,0.114240506612386,0.223246326272566,0.146970153126021,0.233816020530357,0.228626342615129,0.145197078336915,-0.0145518163229442,0.353748510769956,-0.00773782893005759,0.186656583400168,0.528967047004276,0.441529147293971,0.323137369115776,0.257776538309209,0.0109234030819174,0.215661763363548,0.376564799065599,1,0.264640631254571,0.164163897495679,0.284277804394435,0.222147057330565,0.198410531647559,0.0938846696906461,0.0879147670464961,0.0967493584795796,0.345003602659684,0.0625989933315455,0.110185013094828,-0.140346879096823,0.25063424006759,0.242280590970096,0.146091623862079,0.238295116704798,0.386342491664132,0.114001146646212,0.175085018532591,0.129392979207454,0.266955375873858,0.120833558315033,0.229129130436399,0.314016784574095,0.308180801409311,0.324332915892067,0.148496548398989,0.241008869737389,0.298115230290598,0.241067715222807,0.00405816300243409,0.110906515536162,0.1931170110342,0.188711668708591,0.213209416849602,0.251332177023234,-0.022671513151235,0.134725923542446,0.21235295448355,0.311464804615061,0.204836610123272,0.378751940056702,0.173854366246387,0.265814616381204,0.329233414238484,0.18936826037652,0.188647766276529
"Isaiah23.txt",0.106208799036229,0.556231480984499,0.0554171015728315,0.439353358240141,0.134475149436992,0.413120142814086,0.000400561130232555,0.263651562333647,0.0808673835354895,0.12908620687057,0.325055991474341,0.390762060801821,0.714567777015788,0.185096925716619,0.445278137695363,0.410372778505109,0.529559836772922,0.640463654915876,0.450877209397754,0.476575557942368,0.193229138011657,0.264640631254571,1,0.383208256509061,0.621249664389215,0.434266269540949,0.492495044851418,0.0863298660465069,-0.0279124222845213,0.102917596525163,0.405611434079085,-0.0508596782966562,0.131829370897533,0.526220805758769,0.283984718922137,-0.00757143863652028,0.242754672011388,0.423372165381586,0.449379780618799,0.0396939324413571,-0.0181355673735459,0.206138183387591,0.478167402297856,0.0693578053577312,0.464322150787095,0.378576330861489,0.373806930218267,0.520907481898188,0.312499207600031,0.0740649932874352,0.194833090265375,0.30843873242656,0.154677107872735,0.336677886813443,0.210798418001693,0.222047088911397,0.259713043922483,0.116799471190239,-0.183136319012791,0.36031240367302,0.127853544091857,0.396517054831262,0.392800249416907,0.332538646972277,0.123864315014004,0.396010354896146,0.457180262318678,0.249015763173308,0.229849621885008
"Isaiah24.txt",0.0871562928099402,0.494454408476773,-0.0910555922882373,0.406151586879532,0.270905680826169,0.458769086770771,-0.0192827425727404,0.158975179613234,0.206689835675965,0.155451301602238,0.0714734760432277,0.585206208570318,0.462845090060685,0.212377662881626,0.428781385338367,0.492372140904454,0.43805307837422,0.497804705940401,0.181733712420054,0.138833447058813,0.678631369271322,0.164163897495679,0.383208256509061,1,0.418473845875843,0.47936830538931,0.449302205062766,0.170250462962753,0.0916429751076522,0.0944681566422723,0.367655621678416,0.277684449418138,0.300152611683649,0.5847037397933,0.584309062655068,0.113065385188062,0.123018665435913,0.368222761157476,0.251747989323376,0.261981589801675,0.27504489700885,0.54941798725992,0.159955626239971,0.220696940415749,0.316733722128509,0.252619383253618,-0.255978771477972,0.276310459151493,0.395948415713312,0.10899859750564,0.419074339731915,0.440075470555094,-0.0259566380374887,0.00914526185391031,0.27429983196183,0.307286336984823,-0.168024364000744,0.307275520015143,0.234798148963118,0.481370999319697,0.352588253890268,0.330983447496761,0.147685926534208,0.131876002076007,0.253052421401897,0.222615639253499,0.436167478419203,0.262334639547994,0.216564093938716
"Isaiah25.txt",0.181057557538476,0.698777354440273,0.259605143524132,0.75442891039166,0.226913008184534,0.65232283870218,0.162289256732268,0.113997789687463,0.285288267189105,0.192551102593811,0.443877970475642,0.689881191872609,0.651638585410879,0.447750876805357,0.375453804749729,0.505938428428093,0.703177469392554,0.61381761610159,0.187317099110602,0.377296468543245,0.311273171746017,0.284277804394435,0.621249664389215,0.418473845875843,1,0.826475884705545,0.63881178805511,0.359630520531019,0.416121717409502,0.355642906342651,0.504923164943629,0.333712362701846,0.316264813005273,0.652529999838554,0.433594632891727,0.066567384123831,0.28645503822224,0.646671227368193,0.593063543904942,0.252127170350028,0.276417437897941,0.374169773075858,0.580425220894668,0.204532044613642,0.541323116949418,0.341981200837722,0.507365423683525,0.592168962713973,0.475788321862059,0.19549865069179,0.239081292881805,0.461511799564272,0.190218829938662,0.591018420873182,0.42414425769615,0.439141625941563,0.505442375420402,0.422914545923173,0.126309184843343,0.533727847848245,0.289130599132733,0.645749619814739,0.420879267855075,0.577635008971168,0.194541745564643,0.265765071170449,0.653403798320115,0.387255828958329,0.379511922755498
"Isaiah26.txt",0.191515063760131,0.691330349998502,0.304347374006707,0.558066326805688,0.0676649059263461,0.431417741035073,0.166765078687778,0.0149147843052888,0.367049221612824,0.175426116456373,0.285863247490721,0.708112775689244,0.483315664140178,0.299209495596795,0.382521075365664,0.568366044179468,0.552145491973788,0.495257989298376,0.0499765522931651,0.309595217515714,0.360361475555905,0.222147057330565,0.434266269540949,0.47936830538931,0.826475884705545,1,0.429549828428219,0.0940242459880848,0.318404158782726,0.131754980644834,0.2780377140422,0.304486858444871,0.231094644303795,0.433251489918864,0.287456592586774,0.0141686261990624,0.194981584817603,0.737353151103915,0.600477438519833,0.203439216128005,0.272921619520192,0.378064666872383,0.477833320114706,0.109516433007701,0.530338078006764,0.241302292547358,0.326457524128004,0.508612087663079,0.48219821208879,0.0163523655661118,0.221420761211743,0.44562225261542,0.0724386786015915,0.438143756874151,0.427584495299201,0.457320021171329,0.297695548133697,0.571422017062949,0.339342640490089,0.705282047872487,0.33115946320909,0.619853186616026,0.370310791393678,0.552648109631104,0.0414050952433943,0.0469230371796794,0.464812956782538,0.282798042365351,0.342877362301682
"Isaiah27.txt",0.122343624138535,0.637716808430405,0.133028670136718,0.783911289045578,0.424908985465903,0.787025958266485,0.424490127405661,0.203714090126735,0.517578205558862,0.489597611321431,0.749186795033434,0.623525585410905,0.661894387286952,0.483727212590193,0.344246471738708,0.45501366134057,0.883483103367685,0.586421276432567,0.365638932550145,0.543426076353572,0.510219894769579,0.198410531647559,0.492495044851418,0.449302205062766,0.63881178805511,0.429549828428219,1,0.173352991170323,0.150355104021083,0.426833594945005,0.664618171938048,0.522035163761757,0.320507631543589,0.670095961100813,0.602994889953346,0.358867914771483,0.252770340629723,0.353918100973504,0.416929730971614,0.148756395457457,0.425298259853518,0.596227568769608,0.502103726632248,0.261381553973832,0.527242932382414,0.488233224199555,0.333860495984751,0.530088725012776,0.460524613328701,0.362580396534339,0.220965926716199,0.455163029727964,0.285853345781486,0.477433942584985,0.463183627938514,0.474224942972287,0.46098461094368,0.344472939557196,0.127806111036527,0.452041985908253,0.305028652017522,0.527952964734336,0.350524278211661,0.419020264268889,0.48210798415343,0.381950935512074,0.759957032642442,0.451120716133114,0.451864828723619
"Isaiah28.txt",0.0733981211862957,0.0910794328681086,0.0884770114066939,0.383890981234321,0.0947868105255745,0.261690614442865,0.0765372561910846,0.125806867069293,0.156595995000568,0.138145979814925,0.175748445506703,0.109249283469733,0.0942138658049743,0.106248918224285,0.00331398629064851,0.0768157441295436,0.194130027564948,0.15596961736388,0.0806919367414049,0.0307865289426335,0.150322065972418,0.0938846696906461,0.0863298660465069,0.170250462962753,0.359630520531019,0.0940242459880848,0.173352991170323,1,0.0936719403653905,0.10128109619628,0.225137495337524,0.1585769926593,0.073751195405092,0.307195109768865,0.0883405406940401,0.0736876830025939,0.0856292306899586,0.141484343764884,0.0940680866864896,0.114076371143366,0.12615697231398,0.188309030640882,0.155895662902859,0.111213434886799,0.0936486582322209,0.108368808058572,0.0466411422323003,0.15877278630563,0.0858643509771895,0.191476150661015,0.0814178742740167,0.127130918940605,0.1900290957176,0.182993665642467,0.150324064139497,0.175519830318925,0.143018344649866,0.112020156230284,0.16249202548685,0.0539259028474249,0.0956810777962637,0.251257176297221,0.110601179515181,0.0775588719563668,0.0836903180870983,0.0860283570513134,0.328438824921222,0.150652536041617,0.131941889815207
"Isaiah29.txt",0.0826141590111573,0.158505241402124,0.0614360800089911,0.240473382248667,0.134778603268408,0.34840961805324,0.0475393444564752,0.266108225092522,0.0601450330568948,0.123593860639727,0.123426664844343,0.273808514296459,0.00428307796567454,0.0849481336316441,0.169858577254772,0.189451044437584,0.223467345301107,0.295002283138968,0.096634084217101,0.122467795319774,0.106828990889318,0.0879147670464961,-0.0279124222845213,0.0916429751076522,0.416121717409502,0.318404158782726,0.150355104021083,0.0936719403653905,1,0.145526403176479,0.363373583955754,0.375323892632978,0.0851853553191212,0.150262876727644,0.323443829761664,0.0699813777801172,0.14369189362995,0.172080482104156,0.0593808770306542,0.0995954088741759,0.240938340098507,0.205005470800206,0.191584484166758,0.136454071014815,0.182961522123048,0.0700277122330827,0.211387828649919,0.191209160138256,0.252802653901223,0.225774969741121,0.169429821189556,0.231699141182722,0.0247982792647149,0.17949064399277,0.173899076454456,0.20605855472193,0.177857988713886,0.195222153246902,0.112057163033224,0.106252918975087,0.150840369870586,0.131896605301211,0.149923611751716,0.173349672654399,0.135042878014876,0.149981572189485,0.323977579358313,0.184408599443492,0.150932347000774
"Isaiah30.txt",0.101697909103326,0.245511658936741,0.0916050442273022,0.631892077509042,0.120066241518145,0.40493604764522,0.0994892786435433,0.134824408851443,0.186053657264192,0.199782287385629,0.183713423139042,0.389104690836315,0.213224952361589,0.152296642400165,0.0903466430888043,0.123418690438918,0.335985137051638,0.210075019731793,0.121553874175023,0.225078268864713,0.192265988369989,0.0967493584795796,0.102917596525163,0.0944681566422723,0.355642906342651,0.131754980644834,0.426833594945005,0.10128109619628,0.145526403176479,1,0.544071239579086,0.123686097185553,0.119242221745985,0.237623714100058,0.321926323216763,0.141475389642675,0.148120922490906,0.144964526140767,0.263738872252807,0.117822934996642,0.176918740167365,0.293677378098299,0.19023535389317,0.138053896770106,0.228885229683378,0.185349731414721,0.135268684729045,0.225750277285313,0.208272158980639,0.312213657985899,0.167916015387899,0.22718901452353,0.162844087400936,0.2215963958834,0.24593515965572,0.136607655868456,0.154567454448611,0.191383959584017,0.133578419209068,0.231475371445145,0.143557374814701,0.249015512276358,0.1912305507727,0.200086126241719,0.133703672389262,0.171654878030752,0.379855159349396,0.219845769132374,0.192095416658234
"Isaiah31.txt",0.376486033993272,0.566250820971508,0.34336438337763,0.733680706191581,0.412516729737608,0.790739035669526,0.145070920871091,0.404669689338805,0.382668364918283,0.54834532438214,0.449712041515335,0.708260217217297,0.380841714490369,0.277606781562386,0.226332433041651,0.215929571402885,0.561111439116567,0.560459492486127,0.496665569675629,0.473282421379621,0.307061666785156,0.345003602659684,0.405611434079085,0.367655621678416,0.504923164943629,0.2780377140422,0.664618171938048,0.225137495337524,0.363373583955754,0.544071239579086,1,0.217006680807817,0.261547800265853,0.355521309735796,0.483048465907785,0.361940161079415,0.381425238048112,0.150329789840752,0.351138058904224,0.289269505956318,0.470375273446651,0.601853494416865,0.475934183887456,0.279885415611931,0.528797713757466,0.563593484060649,0.20892215768667,0.556657996005474,0.531419327471441,0.459115848848011,0.303812831503706,0.576837951559327,0.226512733399063,0.304088358240591,0.513060133809269,0.469256625067092,0.206401344922193,0.417343864051683,0.186569011378781,0.40733448699397,0.421383133155644,0.527635524280117,0.374392979345049,0.327234522019868,0.4156939400811,0.524047691814538,0.649788687746114,0.451152974137549,0.410654972962055
